4294967278,15
4294967278,14
4294967278,13
4294967278,12
4294967278,11
4294967278,10
4294967278,9
4294967278,8
4294967278,529
4294967278,236
14,4
4294967278,234
14,3
14,2
14,1
4294967278,230
4294967278,233
4294967278,231
4294967278,229
4294967278,227
13,6
4294967278,224
13,5
13,4
4294967278,222
13,3
13,2
13,1
4294967278,218
4294967278,221
4294967278,219
4294967279,327
4294967278,528
4294967279,326
4294967278,527
4294967279,325
4294967278,526
4294967279,324
4294967278,525
4294967279,323
4294967278,19
4294967278,18
4294967278,17
4294967278,16
4294967278,209
4294967279,322
4294967278,524
4294967278,523
4294967279,321
4294967278,206
4294967278,28
4294967278,27
4294967278,26
4294967278,25
4294967278,24
4294967278,23
4294967278,22
4294967278,21
4294967278,20
4294967278,205
4294967279,320
4294967278,522
4294967278,521
4294967279,319
4294967278,202
4294967278,201
4294967279,318
4294967278,520
4294967278,199
4294967278,519
4294967279,317
4294967278,197
4294967279,316
4294967278,518
4294967278,195
4294967278,37
4294967278,36
4294967278,35
4294967278,34
4294967278,33
4294967278,32
4294967278,31
4294967278,30
4294967278,29
4294967278,517
4294967279,315
4294967278,516
4294967279,314
4294967278,515
4294967279,313
4294967278,514
4294967279,312
4294967278,513
4294967278,189
4294967294,428
4294967294,388
4294967294,387
4294967294,1
4294967279,311
4294967294,392
4294967294,46
4294967294,390
4294967294,389
4294967294,114
4294967294,120
4294967294,2
4294967294,38
4294967294,37
4294967279,310
4294967278,186
4294967279,309
4294967278,512
4294967278,42
4294967278,41
4294967278,40
4294967278,39
4294967278,38
4294967279,37
4294967279,33
4294967279,32
4294967279,30
4294967279,29
4294967279,28
4294967279,27
4294967279,25
4294967279,23
4294967279,22
4294967279,21
4294967279,20
4294967279,17
4294967279,15
4294967279,14
4294967279,10
4294967278,184
4294967278,183
4294967278,182
12,4
4294967294,61
4294967294,97
4294967294,80
4294967294,40
4294967294,50
4294967294,427
4294967294,18
4294967294,127
4294967294,14
4294967294,126
4294967294,20
4294967294,13
4294967294,12
4294967294,185
4294967294,182
4294967294,81
4294967294,176
4294967294,173
4294967294,170
4294967294,163
4294967294,190
4294967294,162
4294967294,199
4294967294,1413
4294967278,319
4294967294,439
4294967294,413
4294967294,468
4294967294,1033
4294967294,186
4294967294,29
4294967294,0
4294967294,1032
4294967294,107
4294967294,43
4294967294,39
4294967294,17
4294967294,42
4294967294,67
4294967294,99
4294967294,76
4294967294,44
4294967294,393
4294967294,45
4294967294,53
4294967294,417
4294967294,25
4294967294,82
4294967294,92
4294967294,91
4294967294,90
4294967294,87
4294967294,86
4294967294,85
4294967294,84
4294967294,1049
4294967294,1078
4294967294,1079
4294967294,28
4294967294,1048
4294967294,27
4294967294,1043
4294967294,26
4294967294,424
4294967279,308
4294967278,318
4294967279,307
4294967279,260
4294967279,0
4294967294,7
4294967278,317
4294967294,6
4294967278,177
4294967278,176
4294967294,22
12,5
4294967278,173
4294967294,96
4294967294,94
4294967278,175
12,3
12,2
12,1
4294967278,316
4294967278,260
4294967278,0
4294967294,9
4294967294,8
0,7
4294967294,93
4294967294,95
4294967294,5
4294967278,172
5,4
4294967278,132
4294967278,131
4294967278,130
4294967278,129
4294967278,128
4294967278,127
4294967278,126
4294967278,125
4294967278,124
4294967278,123
4294967278,122
4294967278,121
4294967278,120
4294967278,119
4294967278,118
4294967278,117
4294967278,116
4294967278,115
4294967278,114
4294967278,113
4294967278,112
4294967278,111
4294967278,110
4294967278,109
4294967278,108
4294967278,107
4294967278,106
4294967278,105
4294967278,104
4294967278,103
4294967278,102
4294967278,101
4294967278,100
4294967278,99
4294967278,98
4294967278,97
4294967278,96
4294967278,95
4294967278,94
4294967278,93
4294967278,92
4294967278,91
4294967278,90
4294967278,89
4294967278,87
4294967278,86
4294967278,85
4294967278,84
4294967278,83
4294967278,82
4294967278,81
4294967278,80
4294967278,79
4294967278,78
4294967278,77
4294967278,76
